 1.04 
 0.58 
 2.00 
 1.57 
 0.92 
 0.94 
 1.46 
 1.55 
 1.55 
 1.18 
 0.81 
 0.81 
 1.91 
 1.90 
 0.81 
 1.00 
 0.76 
 0.71 
 0.68 
 0.81 
 0.83 
 0.89 
 0.85 
 0.88 
 1.08 
 1.93 
 0.54 
 0.48 
 0.45 
 0.47 
 0.98 
 1.05 
 0.55 
 0.47 
 0.83 
 0.66 
 0.53 
 0.48 
 0.74 
 0.71 
 0.45 
 0.45 
 0.80 
 0.84 
 0.79 
 0.51 
 0.53 
 0.52 
 0.50 
 0.47 
 1.02 
 1.17 
 0.68 
 0.75 
 0.52 
 0.54 
 0.42 
 0.37 
 0.69 
 0.63 
 0.33 
 0.34 
 0.70 
 0.69 
 0.88 
 0.79 
 1.20 
 1.06 
 0.44 
 0.54 
 1.01 
 1.35 
 1.36 
 1.29 
 0.55 
 0.58 
 0.61 
 0.64 
 0.79 
 1.01 
 0.91 
 0.82 
 0.69 
 0.55 
 0.73 
 0.56 
 0.66 
 0.96 
 0.70 
