      1.000E+00       2.740E-10
      1.035E+00       8.834E-06
      1.072E+00       1.565E-05
      1.110E+00       2.079E-05
      1.149E+00       2.456E-05
      1.190E+00       2.720E-05
      1.232E+00       2.892E-05
      1.275E+00       2.990E-05
      1.320E+00       3.029E-05
      1.367E+00       3.020E-05
      1.415E+00       2.975E-05
      1.465E+00       2.901E-05
      1.517E+00       2.806E-05
      1.570E+00       2.695E-05
      1.626E+00       2.574E-05
      1.683E+00       2.446E-05
      1.743E+00       2.314E-05
      1.804E+00       2.181E-05
      1.868E+00       2.049E-05
      1.934E+00       1.919E-05
      2.002E+00       1.792E-05
      2.073E+00       1.670E-05
      2.146E+00       1.552E-05
      2.222E+00       1.441E-05
      2.300E+00       1.334E-05
      2.382E+00       1.234E-05
      2.466E+00       1.139E-05
      2.553E+00       1.051E-05
      2.643E+00       9.675E-06
      2.736E+00       8.899E-06
      2.833E+00       8.176E-06
      2.933E+00       7.505E-06
      3.037E+00       6.882E-06
      3.144E+00       6.305E-06
      3.255E+00       5.772E-06
      3.370E+00       5.280E-06
      3.489E+00       4.826E-06
      3.612E+00       4.409E-06
      3.740E+00       4.024E-06
      3.872E+00       3.672E-06
      4.009E+00       3.348E-06
      4.150E+00       3.051E-06
      4.297E+00       2.779E-06
      4.449E+00       2.530E-06
      4.606E+00       2.302E-06
      4.769E+00       2.094E-06
      4.937E+00       1.904E-06
      5.111E+00       1.731E-06
      5.292E+00       1.573E-06
      5.479E+00       1.428E-06
      5.672E+00       1.297E-06
      5.873E+00       1.177E-06
      6.080E+00       1.068E-06
      6.295E+00       9.690E-07
      6.517E+00       8.788E-07
      6.748E+00       7.967E-07
      6.986E+00       7.222E-07
      7.233E+00       6.545E-07
      7.488E+00       5.930E-07
      7.753E+00       5.372E-07
      8.026E+00       4.865E-07
      8.310E+00       4.405E-07
      8.603E+00       3.988E-07
      8.907E+00       3.610E-07
      9.222E+00       3.267E-07
      9.548E+00       2.956E-07
      9.885E+00       2.674E-07
      1.023E+01       2.419E-07
      1.060E+01       2.188E-07
      1.097E+01       1.978E-07
      1.136E+01       1.789E-07
      1.176E+01       1.617E-07
      1.217E+01       1.462E-07
      1.260E+01       1.321E-07
      1.305E+01       1.194E-07
      1.351E+01       1.079E-07
      1.399E+01       9.750E-08
      1.448E+01       8.809E-08
      1.499E+01       7.958E-08
      1.552E+01       7.188E-08
      1.607E+01       6.493E-08
      1.664E+01       5.864E-08
      1.723E+01       5.295E-08
      1.783E+01       4.782E-08
      1.846E+01       4.318E-08
      1.912E+01       3.898E-08
      1.979E+01       3.519E-08
      2.049E+01       3.177E-08
      2.121E+01       2.868E-08
      2.196E+01       2.589E-08
      2.274E+01       2.336E-08
      2.354E+01       2.109E-08
      2.437E+01       1.903E-08
      2.524E+01       1.717E-08
      2.613E+01       1.550E-08
      2.705E+01       1.398E-08
      2.801E+01       1.262E-08
      2.899E+01       1.138E-08
      3.002E+01       1.027E-08
      3.108E+01       9.265E-09
      3.218E+01       8.358E-09
      3.331E+01       7.540E-09
      3.449E+01       6.801E-09
      3.571E+01       6.135E-09
      3.697E+01       5.533E-09
      3.827E+01       4.991E-09
      3.963E+01       4.501E-09
      4.103E+01       4.060E-09
      4.248E+01       3.661E-09
      4.398E+01       3.302E-09
      4.553E+01       2.978E-09
      4.714E+01       2.685E-09
      4.880E+01       2.422E-09
      5.053E+01       2.184E-09
      5.231E+01       1.969E-09
      5.416E+01       1.776E-09
      5.607E+01       1.601E-09
      5.805E+01       1.443E-09
      6.010E+01       1.302E-09
      6.223E+01       1.173E-09
      6.442E+01       1.058E-09
      6.670E+01       9.539E-10
      6.906E+01       8.600E-10
      7.149E+01       7.753E-10
      7.402E+01       6.990E-10
      7.663E+01       6.302E-10
      7.934E+01       5.681E-10
      8.214E+01       5.121E-10
      8.504E+01       4.617E-10
      8.805E+01       4.162E-10
      9.116E+01       3.752E-10
      9.438E+01       3.382E-10
      9.771E+01       3.049E-10
      1.012E+02       2.748E-10
      1.047E+02       2.477E-10
      1.084E+02       2.233E-10
      1.123E+02       2.013E-10
      1.162E+02       1.814E-10
      1.203E+02       1.635E-10
      1.246E+02       1.474E-10
      1.290E+02       1.329E-10
      1.335E+02       1.197E-10
      1.383E+02       1.079E-10
      1.431E+02       9.728E-11
      1.482E+02       8.768E-11
      1.534E+02       7.903E-11
      1.589E+02       7.123E-11
      1.645E+02       6.420E-11
      1.703E+02       5.786E-11
      1.763E+02       5.215E-11
      1.825E+02       4.700E-11
      1.890E+02       4.236E-11
      1.956E+02       3.818E-11
      2.026E+02       3.441E-11
      2.097E+02       3.101E-11
      2.171E+02       2.795E-11
      2.248E+02       2.519E-11
      2.327E+02       2.270E-11
      2.409E+02       2.046E-11
      2.495E+02       1.844E-11
      2.583E+02       1.662E-11
      2.674E+02       1.498E-11
      2.768E+02       1.350E-11
      2.866E+02       1.216E-11
      2.967E+02       1.096E-11
      3.072E+02       9.879E-12
      3.181E+02       8.903E-12
      3.293E+02       8.023E-12
      3.409E+02       7.230E-12
      3.530E+02       6.516E-12
      3.654E+02       5.872E-12
      3.783E+02       5.292E-12
      3.917E+02       4.769E-12
      4.055E+02       4.298E-12
      4.199E+02       3.873E-12
      4.347E+02       3.490E-12
      4.501E+02       3.145E-12
      4.660E+02       2.834E-12
      4.824E+02       2.554E-12
      4.995E+02       2.302E-12
      5.171E+02       2.074E-12
      5.354E+02       1.869E-12
      5.543E+02       1.685E-12
      5.738E+02       1.518E-12
      5.941E+02       1.368E-12
      6.151E+02       1.233E-12
      6.368E+02       1.111E-12
      6.593E+02       1.001E-12
      6.826E+02       9.021E-13
      7.067E+02       8.130E-13
      7.317E+02       7.326E-13
      7.575E+02       6.602E-13
      7.843E+02       5.949E-13
      8.120E+02       5.361E-13
      8.407E+02       4.831E-13
      8.704E+02       4.353E-13
      9.011E+02       3.923E-13
      9.329E+02       3.535E-13
      9.659E+02       3.186E-13
      1.000E+03       2.871E-13
