      1.000E+00       2.500E-01
      1.035E+00       2.279E-01
      1.072E+00       1.996E-01
      1.110E+00       1.698E-01
      1.149E+00       1.417E-01
      1.190E+00       1.172E-01
      1.232E+00       9.656E-02
      1.275E+00       7.965E-02
      1.320E+00       6.593E-02
      1.367E+00       5.485E-02
      1.415E+00       4.590E-02
      1.465E+00       3.864E-02
      1.517E+00       3.272E-02
      1.570E+00       2.787E-02
      1.626E+00       2.387E-02
      1.683E+00       2.055E-02
      1.743E+00       1.777E-02
      1.804E+00       1.544E-02
      1.868E+00       1.347E-02
      1.934E+00       1.180E-02
      2.002E+00       1.037E-02
      2.073E+00       9.151E-03
      2.146E+00       8.096E-03
      2.222E+00       7.184E-03
      2.300E+00       6.392E-03
      2.382E+00       5.701E-03
      2.466E+00       5.097E-03
      2.553E+00       4.566E-03
      2.643E+00       4.100E-03
      2.736E+00       3.688E-03
      2.833E+00       3.323E-03
      2.933E+00       3.000E-03
      3.037E+00       2.712E-03
      3.144E+00       2.455E-03
      3.255E+00       2.226E-03
      3.370E+00       2.021E-03
      3.489E+00       1.837E-03
      3.612E+00       1.672E-03
      3.740E+00       1.523E-03
      3.872E+00       1.389E-03
      4.009E+00       1.268E-03
      4.150E+00       1.159E-03
      4.297E+00       1.060E-03
      4.449E+00       9.702E-04
      4.606E+00       8.888E-04
      4.769E+00       8.149E-04
      4.937E+00       7.476E-04
      5.111E+00       6.864E-04
      5.292E+00       6.306E-04
      5.479E+00       5.797E-04
      5.672E+00       5.333E-04
      5.873E+00       4.908E-04
      6.080E+00       4.520E-04
      6.295E+00       4.164E-04
      6.517E+00       3.838E-04
      6.748E+00       3.540E-04
      6.986E+00       3.266E-04
      7.233E+00       3.015E-04
      7.488E+00       2.784E-04
      7.753E+00       2.572E-04
      8.026E+00       2.377E-04
      8.310E+00       2.197E-04
      8.603E+00       2.032E-04
      8.907E+00       1.880E-04
      9.222E+00       1.740E-04
      9.548E+00       1.610E-04
      9.885E+00       1.491E-04
      1.023E+01       1.381E-04
      1.060E+01       1.280E-04
      1.097E+01       1.186E-04
      1.136E+01       1.099E-04
      1.176E+01       1.019E-04
      1.217E+01       9.451E-05
      1.260E+01       8.766E-05
      1.305E+01       8.133E-05
      1.351E+01       7.547E-05
      1.399E+01       7.005E-05
      1.448E+01       6.503E-05
      1.499E+01       6.038E-05
      1.552E+01       5.607E-05
      1.607E+01       5.208E-05
      1.664E+01       4.838E-05
      1.723E+01       4.495E-05
      1.783E+01       4.176E-05
      1.846E+01       3.881E-05
      1.912E+01       3.608E-05
      1.979E+01       3.354E-05
      2.049E+01       3.118E-05
      2.121E+01       2.899E-05
      2.196E+01       2.696E-05
      2.274E+01       2.508E-05
      2.354E+01       2.333E-05
      2.437E+01       2.170E-05
      2.524E+01       2.019E-05
      2.613E+01       1.878E-05
      2.705E+01       1.748E-05
      2.801E+01       1.627E-05
      2.899E+01       1.514E-05
      3.002E+01       1.409E-05
      3.108E+01       1.312E-05
      3.218E+01       1.221E-05
      3.331E+01       1.137E-05
      3.449E+01       1.058E-05
      3.571E+01       9.855E-06
      3.697E+01       9.177E-06
      3.827E+01       8.546E-06
      3.963E+01       7.959E-06
      4.103E+01       7.413E-06
      4.248E+01       6.904E-06
      4.398E+01       6.431E-06
      4.553E+01       5.991E-06
      4.714E+01       5.581E-06
      4.880E+01       5.199E-06
      5.053E+01       4.844E-06
      5.231E+01       4.513E-06
      5.416E+01       4.205E-06
      5.607E+01       3.918E-06
      5.805E+01       3.651E-06
      6.010E+01       3.403E-06
      6.223E+01       3.171E-06
      6.442E+01       2.955E-06
      6.670E+01       2.754E-06
      6.906E+01       2.567E-06
      7.149E+01       2.392E-06
      7.402E+01       2.230E-06
      7.663E+01       2.078E-06
      7.934E+01       1.937E-06
      8.214E+01       1.806E-06
      8.504E+01       1.683E-06
      8.805E+01       1.569E-06
      9.116E+01       1.463E-06
      9.438E+01       1.364E-06
      9.771E+01       1.272E-06
      1.012E+02       1.185E-06
      1.047E+02       1.105E-06
      1.084E+02       1.030E-06
      1.123E+02       9.608E-07
      1.162E+02       8.958E-07
      1.203E+02       8.353E-07
      1.246E+02       7.788E-07
      1.290E+02       7.262E-07
      1.335E+02       6.771E-07
      1.383E+02       6.314E-07
      1.431E+02       5.888E-07
      1.482E+02       5.490E-07
      1.534E+02       5.120E-07
      1.589E+02       4.775E-07
      1.645E+02       4.452E-07
      1.703E+02       4.152E-07
      1.763E+02       3.872E-07
      1.825E+02       3.611E-07
      1.890E+02       3.368E-07
      1.956E+02       3.141E-07
      2.026E+02       2.929E-07
      2.097E+02       2.732E-07
      2.171E+02       2.548E-07
      2.248E+02       2.376E-07
      2.327E+02       2.216E-07
      2.409E+02       2.067E-07
      2.495E+02       1.928E-07
      2.583E+02       1.798E-07
      2.674E+02       1.677E-07
      2.768E+02       1.564E-07
      2.866E+02       1.459E-07
      2.967E+02       1.361E-07
      3.072E+02       1.269E-07
      3.181E+02       1.184E-07
      3.293E+02       1.104E-07
      3.409E+02       1.030E-07
      3.530E+02       9.607E-08
      3.654E+02       8.961E-08
      3.783E+02       8.359E-08
      3.917E+02       7.797E-08
      4.055E+02       7.272E-08
      4.199E+02       6.784E-08
      4.347E+02       6.328E-08
      4.501E+02       5.902E-08
      4.660E+02       5.506E-08
      4.824E+02       5.136E-08
      4.995E+02       4.791E-08
      5.171E+02       4.469E-08
      5.354E+02       4.169E-08
      5.543E+02       3.888E-08
      5.738E+02       3.627E-08
      5.941E+02       3.384E-08
      6.151E+02       3.156E-08
      6.368E+02       2.944E-08
      6.593E+02       2.747E-08
      6.826E+02       2.562E-08
      7.067E+02       2.390E-08
      7.317E+02       2.230E-08
      7.575E+02       2.080E-08
      7.843E+02       1.940E-08
      8.120E+02       1.810E-08
      8.407E+02       1.688E-08
      8.704E+02       1.575E-08
      9.011E+02       1.469E-08
      9.329E+02       1.371E-08
      9.659E+02       1.279E-08
      1.000E+03       1.193E-08
