      6.667E-07       5.866E+01
      7.328E-07       5.866E+01
      8.055E-07       5.866E+01
      8.855E-07       5.866E+01
      9.733E-07       5.866E+01
      1.070E-06       5.866E+01
      1.176E-06       5.866E+01
      1.293E-06       5.866E+01
      1.421E-06       5.866E+01
      1.562E-06       5.866E+01
      1.717E-06       5.866E+01
      1.887E-06       5.866E+01
      2.075E-06       5.866E+01
      2.280E-06       5.866E+01
      2.507E-06       5.866E+01
      2.755E-06       5.866E+01
      3.029E-06       5.866E+01
      3.329E-06       5.866E+01
      3.660E-06       5.866E+01
      4.023E-06       5.866E+01
      4.422E-06       5.866E+01
      4.861E-06       5.866E+01
      5.343E-06       5.866E+01
      5.873E-06       5.866E+01
      6.456E-06       5.866E+01
      7.097E-06       5.866E+01
      7.801E-06       5.866E+01
      8.575E-06       5.866E+01
      9.426E-06       5.866E+01
      1.036E-05       5.866E+01
      1.139E-05       5.866E+01
      1.252E-05       5.866E+01
      1.376E-05       5.866E+01
      1.513E-05       5.866E+01
      1.663E-05       5.866E+01
      1.828E-05       5.866E+01
      2.009E-05       5.866E+01
      2.208E-05       5.866E+01
      2.428E-05       5.865E+01
      2.668E-05       5.865E+01
      2.933E-05       5.865E+01
      3.224E-05       5.865E+01
      3.544E-05       5.865E+01
      3.896E-05       5.865E+01
      4.282E-05       5.865E+01
      4.707E-05       5.865E+01
      5.174E-05       5.865E+01
      5.688E-05       5.865E+01
      6.252E-05       5.865E+01
      6.873E-05       5.865E+01
      7.554E-05       5.865E+01
      8.304E-05       5.865E+01
      9.128E-05       5.865E+01
      1.003E-04       5.865E+01
      1.103E-04       5.865E+01
      1.212E-04       5.864E+01
      1.333E-04       5.864E+01
      1.465E-04       5.864E+01
      1.610E-04       5.864E+01
      1.770E-04       5.864E+01
      1.946E-04       5.864E+01
      2.139E-04       5.863E+01
      2.351E-04       5.863E+01
      2.584E-04       5.863E+01
      2.841E-04       5.863E+01
      3.122E-04       5.862E+01
      3.432E-04       5.862E+01
      3.773E-04       5.862E+01
      4.147E-04       5.861E+01
      4.559E-04       5.861E+01
      5.011E-04       5.860E+01
      5.508E-04       5.860E+01
      6.055E-04       5.859E+01
      6.655E-04       5.859E+01
      7.316E-04       5.858E+01
      8.042E-04       5.857E+01
      8.840E-04       5.856E+01
      9.717E-04       5.855E+01
      1.068E-03       5.854E+01
      1.174E-03       5.853E+01
      1.291E-03       5.852E+01
      1.419E-03       5.851E+01
      1.559E-03       5.849E+01
      1.714E-03       5.848E+01
      1.884E-03       5.846E+01
      2.071E-03       5.844E+01
      2.277E-03       5.842E+01
      2.503E-03       5.839E+01
      2.751E-03       5.837E+01
      3.024E-03       5.834E+01
      3.324E-03       5.831E+01
      3.654E-03       5.827E+01
      4.016E-03       5.823E+01
      4.415E-03       5.819E+01
      4.853E-03       5.815E+01
      5.334E-03       5.810E+01
      5.863E-03       5.804E+01
      6.445E-03       5.798E+01
      7.085E-03       5.791E+01
      7.788E-03       5.784E+01
      8.560E-03       5.776E+01
      9.410E-03       5.767E+01
      1.034E-02       5.758E+01
      1.137E-02       5.747E+01
      1.250E-02       5.736E+01
      1.374E-02       5.723E+01
      1.510E-02       5.709E+01
      1.660E-02       5.694E+01
      1.825E-02       5.678E+01
      2.006E-02       5.660E+01
      2.205E-02       5.640E+01
      2.423E-02       5.619E+01
      2.664E-02       5.596E+01
      2.928E-02       5.570E+01
      3.219E-02       5.542E+01
      3.538E-02       5.512E+01
      3.889E-02       5.480E+01
      4.275E-02       5.444E+01
      4.699E-02       5.405E+01
      5.166E-02       5.364E+01
      5.678E-02       5.318E+01
      6.242E-02       5.270E+01
      6.861E-02       5.217E+01
      7.542E-02       5.160E+01
      8.290E-02       5.100E+01
      9.113E-02       5.034E+01
      1.002E-01       4.965E+01
      1.101E-01       4.890E+01
      1.210E-01       4.811E+01
      1.330E-01       4.726E+01
      1.462E-01       4.637E+01
      1.608E-01       4.543E+01
      1.767E-01       4.443E+01
      1.942E-01       4.339E+01
      2.135E-01       4.229E+01
      2.347E-01       4.115E+01
      2.580E-01       3.997E+01
      2.836E-01       3.875E+01
      3.117E-01       3.748E+01
      3.426E-01       3.619E+01
      3.766E-01       3.486E+01
      4.140E-01       3.351E+01
      4.551E-01       3.215E+01
      5.003E-01       3.077E+01
      5.499E-01       2.938E+01
      6.045E-01       2.799E+01
      6.644E-01       2.661E+01
      7.304E-01       2.525E+01
      8.028E-01       2.390E+01
      8.825E-01       2.257E+01
      9.700E-01       2.127E+01
      1.066E+00       2.000E+01
      1.172E+00       1.878E+01
      1.288E+00       1.759E+01
      1.416E+00       1.645E+01
      1.557E+00       1.535E+01
      1.711E+00       1.430E+01
      1.881E+00       1.331E+01
      2.068E+00       1.236E+01
      2.273E+00       1.146E+01
      2.498E+00       1.061E+01
      2.746E+00       9.815E+00
      3.019E+00       9.066E+00
      3.318E+00       8.364E+00
      3.647E+00       7.708E+00
      4.009E+00       7.097E+00
      4.407E+00       6.527E+00
      4.845E+00       5.998E+00
      5.325E+00       5.508E+00
      5.854E+00       5.054E+00
      6.434E+00       4.633E+00
      7.073E+00       4.245E+00
      7.775E+00       3.888E+00
      8.546E+00       3.558E+00
      9.394E+00       3.255E+00
      1.033E+01       2.976E+00
      1.135E+01       2.720E+00
      1.248E+01       2.484E+00
      1.372E+01       2.269E+00
      1.508E+01       2.071E+00
      1.657E+01       1.890E+00
      1.822E+01       1.725E+00
      2.002E+01       1.573E+00
      2.201E+01       1.435E+00
      2.419E+01       1.308E+00
      2.659E+01       1.192E+00
      2.923E+01       1.087E+00
      3.213E+01       9.903E-01
      3.532E+01       9.023E-01
      3.883E+01       8.220E-01
      4.268E+01       7.488E-01
      4.692E+01       6.819E-01
      5.157E+01       6.210E-01
      5.669E+01       5.655E-01
      6.231E+01       5.149E-01
      6.849E+01       4.688E-01
      7.529E+01       4.268E-01
      8.276E+01       3.885E-01
      9.097E+01       3.537E-01
      1.000E+02       3.219E-01
