# lam(mu)   n           k
0.2   1.69200E+00   1.26100E-01
0.22   1.68200E+00   1.59452E-01
0.24   1.68266E+00   1.70723E-01
0.26   1.69213E+00   1.72362E-01
0.28   1.70312E+00   1.65792E-01
0.3   1.71264E+00   1.55402E-01
0.32   1.72198E+00   1.39879E-01
0.34   1.72558E+00   1.20936E-01
0.36   1.72335E+00   1.04020E-01
0.38   1.71897E+00   9.06120E-02
0.4   1.71400E+00   8.00110E-02
0.42   1.70908E+00   7.09350E-02
0.45   1.70192E+00   5.96000E-02
0.5   1.68849E+00   4.48000E-02
0.55   1.68347E+00   3.40000E-02
0.6   1.67962E+00   2.71000E-02
0.65   1.67491E+00   2.12000E-02
0.7   1.67114E+00   1.73000E-02
0.75   1.67042E+00   1.50000E-02
0.8   1.67083E+00   1.30000E-02
0.9   1.67348E+00   1.10000E-02
1   1.66474E+00   1.06000E-02
1.1   1.66406E+00   9.29000E-03
1.2   1.66345E+00   7.63000E-03
1.3   1.65860E+00   5.62000E-03
1.4   1.65851E+00   4.57400E-03
1.5   1.65311E+00   4.18500E-03
1.6   1.65154E+00   3.98800E-03
1.7   1.64891E+00   3.92400E-03
1.8   1.64300E+00   3.90100E-03
1.9   1.64089E+00   3.80300E-03
2   1.63961E+00   3.68700E-03
2.2   1.63421E+00   3.17700E-03
2.4   1.63139E+00   2.77100E-03
2.6   1.63040E+00   2.54900E-03
2.8   1.62572E+00   2.49600E-03
3   1.62072E+00   2.43500E-03
3.5   1.61005E+00   2.35500E-03
4   1.60240E+00   2.32500E-03
4.5   1.59007E+00   2.41500E-03
5   1.57198E+00   3.94300E-03
5.5   1.54960E+00   5.59500E-03
6   1.51445E+00   5.29200E-03
6.5   1.47482E+00   5.53000E-03
7   1.42639E+00   6.87300E-03
7.5   1.34170E+00   1.01520E-02
8   1.17900E+00   8.00000E-02
8.2   1.09971E+00   1.74299E-01
8.4   1.04942E+00   2.83574E-01
8.6   1.02252E+00   4.02287E-01
8.8   1.02397E+00   5.50100E-01
9   1.11165E+00   6.90516E-01
9.2   1.19483E+00   7.64587E-01
9.4   1.28246E+00   8.37277E-01
9.6   1.39160E+00   8.91191E-01
9.8   1.50302E+00   9.06286E-01
10   1.59146E+00   8.99745E-01
10.2   1.67003E+00   8.94592E-01
10.4   1.74913E+00   8.83678E-01
10.6   1.83128E+00   8.65377E-01
10.8   1.91529E+00   8.30937E-01
11   1.99243E+00   7.74737E-01
11.2   2.05498E+00   7.01662E-01
11.4   2.09654E+00   6.17208E-01
11.6   2.12138E+00   5.26409E-01
11.8   2.11726E+00   4.30532E-01
12   2.09150E+00   3.43929E-01
12.5   1.95338E+00   2.22494E-01
13   1.82813E+00   1.92467E-01
13.5   1.73426E+00   2.09341E-01
14   1.67644E+00   2.37457E-01
14.5   1.62253E+00   2.58699E-01
15   1.55611E+00   2.86465E-01
15.5   1.47087E+00   3.32634E-01
16   1.40774E+00   4.31476E-01
16.5   1.38302E+00   5.49423E-01
17   1.39201E+00   6.62267E-01
17.5   1.43080E+00   7.68590E-01
18   1.49015E+00   8.59168E-01
18.5   1.56233E+00   9.23043E-01
19   1.62861E+00   9.66874E-01
19.5   1.68503E+00   1.00435E+00
20   1.73778E+00   1.04929E+00
21   1.91791E+00   1.17188E+00
22   2.17352E+00   1.09713E+00
23   2.26070E+00   9.58625E-01
24   2.27706E+00   8.76735E-01
25   2.28490E+00   8.35082E-01
26   2.29200E+00   8.14357E-01
27   2.31373E+00   8.07300E-01
28   2.33953E+00   8.01926E-01
29   2.37106E+00   7.96287E-01
30   2.40638E+00   7.85840E-01
32   2.47586E+00   7.53022E-01
34   2.53527E+00   7.06568E-01
36   2.57678E+00   6.52521E-01
38   2.60435E+00   5.98526E-01
40   2.61707E+00   5.52510E-01
45   2.62687E+00   4.77036E-01
50   2.63942E+00   4.23418E-01
55   2.65023E+00   3.80857E-01
60   2.65362E+00   3.63516E-01
65   2.66176E+00   3.26641E-01
70   2.67168E+00   3.04631E-01
75   2.67122E+00   2.89556E-01
80   2.68616E+00   2.69921E-01
100   2.69035E+00   2.20000E-01
200   2.69035E+00   1.10000E-01
500   2.69035E+00   4.40000E-02
